Task 1
1. `wc vendor2.csv`:
  2206417   6619251 272950834 vendor2.csv

2. no-separators.csv:

vendorid,tpep_pickup_datetime,tpep_dropoff_datetime,passenger_count,trip_distance,ratecodeid,store_and_fwd_flag,pulocationid,dolocationid,payment_type,fare_amount,extra,mta_tax,tip_amount,tolls_amount,improvement_surcharge,total_amount,congestion_surcharge
1.0,20190101 004640.000000,20190101 005320.000000,1.0,1.5,1.0,N,151.0,239.0,1.0,7.0,0.5,0.5,1.65,0.0,0.3,9.95,
1.0,20190101 005947.000000,20190101 011859.000000,1.0,2.6,1.0,N,239.0,246.0,1.0,14.0,0.5,0.5,1.0,0.0,0.3,16.3,
2.0,20181221 134830.000000,20181221 135240.000000,3.0,0.0,1.0,N,236.0,236.0,1.0,4.5,0.5,0.5,0.0,0.0,0.3,5.8,
2.0,20181128 155225.000000,20181128 155545.000000,5.0,0.0,1.0,N,193.0,193.0,2.0,3.5,0.5,0.5,0.0,0.0,0.3,7.55,
2.0,20181128 155657.000000,20181128 155833.000000,5.0,0.0,2.0,N,193.0,193.0,2.0,52.0,0.0,0.5,0.0,0.0,0.3,55.55,
2.0,20181128 162549.000000,20181128 162826.000000,5.0,0.0,1.0,N,193.0,193.0,2.0,3.5,0.5,0.5,0.0,5.76,0.3,13.31,
2.0,20181128 162937.000000,20181128 163343.000000,5.0,0.0,2.0,N,193.0,193.0,2.0,52.0,0.0,0.5,0.0,0.0,0.3,55.55,
1.0,20190101 002128.000000,20190101 002837.000000,1.0,1.3,1.0,N,163.0,229.0,1.0,6.5,0.5,0.5,1.25,0.0,0.3,9.05,
1.0,20190101 003201.000000,20190101 004539.000000,1.0,3.7,1.0,N,229.0,7.0,1.0,13.5,0.5,0.5,3.7,0.0,0.3,18.5,

3. no-fractions.csv:

vendorid,tpep_pickup_datetime,tpep_dropoff_datetime,passenger_count,trip_distance,ratecodeid,store_and_fwd_flag,pulocationid,dolocationid,payment_type,fare_amount,extra,mta_tax,tip_amount,tolls_amount,improvement_surcharge,total_amount,congestion_surcharge
1,20190101 004640,20190101 005320,1,1,1,N,151,239,1,7,0,0,1,0,0,9,
1,20190101 005947,20190101 011859,1,2,1,N,239,246,1,14,0,0,1,0,0,16,
2,20181221 134830,20181221 135240,3,0,1,N,236,236,1,4,0,0,0,0,0,5,
2,20181128 155225,20181128 155545,5,0,1,N,193,193,2,3,0,0,0,0,0,7,
2,20181128 155657,20181128 155833,5,0,2,N,193,193,2,52,0,0,0,0,0,55,
2,20181128 162549,20181128 162826,5,0,1,N,193,193,2,3,0,0,0,5,0,13,
2,20181128 162937,20181128 163343,5,0,2,N,193,193,2,52,0,0,0,0,0,55,
1,20190101 002128,20190101 002837,1,1,1,N,163,229,1,6,0,0,1,0,0,9,
1,20190101 003201,20190101 004539,1,3,1,N,229,7,1,13,0,0,3,0,0,18,

Task 2
1. Tip amount and frequency count (only showing 20)

9.34 2
22.5 7
9.75 189
5.34 624
1.75 23767
1.34 57
5.75 842
22.6 2
1.35 101
9.35 244
9.76 360
5.35 786
1.76 43173
5.76 1116
22.7 5
5.77 19
9.77 56
1.36 292
9.36 215
5.36 1516

2. 20 most common tips

0.0 1197606
1.0 206290
2.0 98155
1.46 47962
1.56 47482
1.36 46758
1.66 45504
1.26 43497
1.76 43174
1.86 41210
1.5 39130
1.96 38381
1.16 37188
2.06 35855
1.95 33751
2.16 32716
1.55 32125
1.7 31874
1.45 31467
1.25 30079
